 -0.499999216
 -0.499996863
 -0.499992941
 -0.49998745
 -0.499980391
 -0.499971763
 -0.499961567
 -0.499949801
 -0.499936468
 -0.499921565
 -0.499905095
 -0.499887056
 -0.499867448
 -0.499846272
 -0.499823528
 -0.499799216
 -0.499773335
 -0.499745887
 -0.499716871
 -0.499686287
 -0.499654135
 -0.499620415
 -0.499585128
 -0.499548273
 -0.499509852
 -0.499469863
 -0.499428306
 -0.499385183
 -0.499340494
 -0.499294237
 -0.499246414
 -0.499197025
 -0.499146069
 -0.499093547
 -0.49903946
 -0.498983807
 -0.498926588
 -0.498867804
 -0.498807454
 -0.49874554
 -0.498682061
 -0.498617017
 -0.498550409
 -0.498482237
 -0.498412501
 -0.498341201
 -0.498268337
 -0.49819391
 -0.498117921
 -0.498040368
 -0.497961253
 -0.497880575
 -0.497798335
 -0.497714534
 -0.497629171
 -0.497542247
 -0.497453761
 -0.497363715
 -0.497272109
 -0.497178942
 -0.497084216
 -0.49698793
 -0.496890085
 -0.49679068
 -0.496689717
 -0.496587196
 -0.496483117
 -0.49637748
 -0.496270286
 -0.496161535
 -0.496051227
 -0.495939362
 -0.495825942
 -0.495710967
 -0.495594436
 -0.49547635
 -0.495356709
 -0.495235515
 -0.495112767
 -0.494988465
 -0.494862611
 -0.494735204
 -0.494606244
 -0.494475733
 -0.494343671
 -0.494210058
 -0.494074894
 -0.493938181
 -0.493799917
 -0.493660105
 -0.493518743
 -0.493375834
 -0.493231376
 -0.493085371
 -0.492937819
 -0.492788721
 -0.492638077
 -0.492485887
 -0.492332152
 -0.492176873
 -0.492020049
 -0.491861682
 -0.491701772
 -0.491540319
 -0.491377325
 -0.491212788
 -0.491046711
 -0.490879094
 -0.490709936
 -0.490539239
 -0.490367003
 -0.490193229
 -0.490017917
 -0.489841068
 -0.489662682
 -0.48948276
 -0.489301303
 -0.489118311
 -0.488933784
 -0.488747724
 -0.488560131
 -0.488371004
 -0.488180347
 -0.487988157
 -0.487794437
 -0.487599187
 -0.487402407
 -0.487204099
 -0.487004262
 -0.486802898
 -0.486600006
 -0.486395589
 -0.486189645
 -0.485982177
 -0.485773184
 -0.485562668
 -0.485350629
 -0.485137067
 -0.484921984
 -0.48470538
 -0.484487256
 -0.484267612
 -0.484046449
 -0.483823769
 -0.48359957
 -0.483373855
 -0.483146624
 -0.482917878
 -0.482687618
 -0.482455843
 -0.482222556
 -0.481987756
 -0.481751445
 -0.481513623
 -0.481274291
 -0.48103345
 -0.4807911
 -0.480547243
 -0.480301879
 -0.480055009
 -0.479806633
 -0.479556754
 -0.47930537
 -0.479052483
 -0.478798095
 -0.478542205
 -0.478284815
 -0.478025925
 -0.477765537
 -0.47750365
 -0.477240267
 -0.476975387
 -0.476709013
 -0.476441143
 -0.47617178
 -0.475900925
 -0.475628577
 -0.475354739
 -0.47507941
 -0.474802593
 -0.474524287
 -0.474244493
 -0.473963214
 -0.473680448
 -0.473396198
 -0.473110465
 -0.472823248
 -0.47253455
 -0.472244371
 -0.471952712
 -0.471659574
 -0.471364958
 -0.471068865
 -0.470771296
 -0.470472252
 -0.470171733
 -0.469869742
 -0.469566278
 -0.469261343
 -0.468954938
 -0.468647064
 -0.468337722
 -0.468026912
 -0.467714637
 -0.467400896
 -0.467085691
 -0.466769023
 -0.466450894
 -0.466131303
 -0.465810252
 -0.465487743
 -0.465163776
 -0.464838352
 -0.464511472
 -0.464183139
 -0.463853351
 -0.463522111
 -0.46318942
 -0.462855279
 -0.462519689
 -0.462182651
 -0.461844166
 -0.461504235
 -0.46116286
 -0.460820041
 -0.46047578
 -0.460130078
 -0.459782936
 -0.459434355
 -0.459084337
 -0.458732881
 -0.458379991
 -0.458025666
 -0.457669909
 -0.457312719
 -0.456954099
 -0.45659405
 -0.456232572
 -0.455869668
 -0.455505338
 -0.455139583
 -0.454772405
 -0.454403804
 -0.454033783
 -0.453662343
 -0.453289484
 -0.452915207
 -0.452539515
 -0.452162409
 -0.451783889
 -0.451403957
 -0.451022615
 -0.450639863
 -0.450255703
 -0.449870136
 -0.449483163
 -0.449094786
 -0.448705007
 -0.448313825
 -0.447921244
 -0.447527263
 -0.447131885
 -0.446735111
 -0.446336942
 -0.445937379
 -0.445536424
 -0.445134078
 -0.444730343
 -0.44432522
 -0.44391871
 -0.443510815
 -0.443101536
 -0.442690874
 -0.442278832
 -0.441865409
 -0.441450609
 -0.441034431
 -0.440616879
 -0.440197952
 -0.439777653
 -0.439355983
 -0.438932943
 -0.438508535
 -0.438082761
 -0.437655621
 -0.437227118
 -0.436797252
 -0.436366026
 -0.43593344
 -0.435499497
 -0.435064197
 -0.434627543
 -0.434189535
 -0.433750176
 -0.433309466
 -0.432867409
 -0.432424004
 -0.431979253
 -0.431533159
 -0.431085722
 -0.430636944
 -0.430186827
 -0.429735373
 -0.429282582
 -0.428828457
 -0.428372999
 -0.427916209
 -0.42745809
 -0.426998643
 -0.42653787
 -0.426075772
 -0.42561235
 -0.425147607
 -0.424681544
 -0.424214163
 -0.423745466
 -0.423275453
 -0.422804128
 -0.42233149
 -0.421857543
 -0.421382288
 -0.420905726
 -0.420427859
 -0.41994869
 -0.419468219
 -0.418986448
 -0.41850338
 -0.418019015
 -0.417533356
 -0.417046405
 -0.416558162
 -0.416068631
 -0.415577812
 -0.415085707
 -0.414592318
 -0.414097648
 -0.413601697
 -0.413104468
 -0.412605962
 -0.412106182
 -0.411605128
 -0.411102803
 -0.410599209
 -0.410094348
 -0.409588221
 -0.40908083
 -0.408572177
 -0.408062264
 -0.407551093
 -0.407038665
 -0.406524983
 -0.406010049
 -0.405493864
 -0.40497643
 -0.40445775
 -0.403937824
 -0.403416656
 -0.402894246
 -0.402370598
 -0.401845712
 -0.401319591
 -0.400792237
 -0.400263652
 -0.399733838
 -0.399202796
 -0.398670529
 -0.398137038
 -0.397602327
 -0.397066396
 -0.396529247
 -0.395990884
 -0.395451307
 -0.394910519
 -0.394368522
 -0.393825318
 -0.393280909
 -0.392735298
 -0.392188485
 -0.391640473
 -0.391091265
 -0.390540862
 -0.389989267
 -0.389436481
 -0.388882507
 -0.388327347
 -0.387771003
 -0.387213477
 -0.386654772
 -0.386094889
 -0.38553383
 -0.384971599
 -0.384408196
 -0.383843624
 -0.383277886
 -0.382710984
 -0.382142919
 -0.381573694
 -0.381003312
 -0.380431774
 -0.379859082
 -0.37928524
 -0.378710248
 -0.378134111
 -0.377556829
 -0.376978404
 -0.376398841
 -0.37581814
 -0.375236303
 -0.374653334
 -0.374069235
 -0.373484007
 -0.372897654
 -0.372310177
 -0.371721579
 -0.371131863
 -0.37054103
 -0.369949082
 -0.369356024
 -0.368761856
 -0.368166581
 -0.367570202
 -0.366972721
 -0.366374141
 -0.365774463
 -0.365173691
 -0.364571826
 -0.363968872
 -0.36336483
 -0.362759704
 -0.362153495
 -0.361546206
 -0.360937841
 -0.3603284
 -0.359717887
 -0.359106304
 -0.358493654
 -0.357879939
 -0.357265163
 -0.356649326
 -0.356032433
 -0.355414486
 -0.354795486
 -0.354175437
 -0.353554342
 -0.352932203
 -0.352309023
 -0.351684803
 -0.351059548
 -0.35043326
 -0.34980594
 -0.349177593
 -0.34854822
 -0.347917825
 -0.34728641
 -0.346653977
 -0.34602053
 -0.345386071
 -0.344750603
 -0.344114129
 -0.343476651
 -0.342838173
 -0.342198697
 -0.341558225
 -0.340916761
 -0.340274308
 -0.339630867
 -0.338986443
 -0.338341038
 -0.337694655
 -0.337047296
 -0.336398965
 -0.335749664
 -0.335099396
 -0.334448165
 -0.333795973
 -0.333142823
 -0.332488718
 -0.33183366
 -0.331177654
 -0.330520702
 -0.329862806
 -0.32920397
 -0.328544197
 -0.32788349
 -0.327221852
 -0.326559285
 -0.325895794
 -0.32523138
 -0.324566048
 -0.3238998
 -0.323232638
 -0.322564568
 -0.32189559
 -0.321225709
 -0.320554928
 -0.31988325
 -0.319210678
 -0.318537214
 -0.317862864
 -0.317187628
 -0.316511512
 -0.315834517
 -0.315156648
 -0.314477907
 -0.313798297
 -0.313117823
 -0.312436487
 -0.311754292
 -0.311071242
 -0.31038734
 -0.30970259
 -0.309016994
 -0.308330557
 -0.307643281
 -0.30695517
 -0.306266227
 -0.305576456
 -0.30488586
 -0.304194442
 -0.303502207
 -0.302809157
 -0.302115295
 -0.301420626
 -0.300725153
 -0.300028879
 -0.299331808
 -0.298633944
 -0.297935289
 -0.297235848
 -0.296535625
 -0.295834621
 -0.295132842
 -0.294430291
 -0.293726972
 -0.293022888
 -0.292318042
 -0.29161244
 -0.290906083
 -0.290198976
 -0.289491123
 -0.288782527
 -0.288073193
 -0.287363123
 -0.286652322
 -0.285940794
 -0.285228541
 -0.284515569
 -0.283801881
 -0.283087481
 -0.282372372
 -0.281656559
 -0.280940045
 -0.280222834
 -0.279504931
 -0.278786339
 -0.278067063
 -0.277347105
 -0.276626471
 -0.275905164
 -0.275183188
 -0.274460548
 -0.273737247
 -0.273013289
 -0.272288679
 -0.27156342
 -0.270837518
 -0.270110975
 -0.269383796
 -0.268655986
 -0.267927548
 -0.267198487
 -0.266468806
 -0.265738511
 -0.265007606
 -0.264276094
 -0.26354398
 -0.262811269
 -0.262077964
 -0.261344071
 -0.260609592
 -0.259874534
 -0.259138901
 -0.258402695
 -0.257665924
 -0.256928589
 -0.256190697
 -0.255452252
 -0.254713258
 -0.25397372
 -0.253233642
 -0.252493029
 -0.251751886
 -0.251010217
 -0.250268027
 -0.24952532
 -0.248782102
 -0.248038376
 -0.247294149
 -0.246549424
 -0.245804206
 -0.2450585
 -0.244312311
 -0.243565644
 -0.242818504
 -0.242070895
 -0.241322822
 -0.240574291
 -0.239825306
 -0.239075873
 -0.238325996
 -0.23757568
 -0.23682493
 -0.236073752
 -0.235322151
 -0.234570131
 -0.233817698
 -0.233064857
 -0.232311613
 -0.231557972
 -0.230803938
 -0.230049517
 -0.229294715
 -0.228539536
 -0.227783985
 -0.227028069
 -0.226271793
 -0.225515161
 -0.22475818
 -0.224000855
 -0.223243192
 -0.222485195
 -0.221726871
 -0.220968225
 -0.220209263
 -0.219449989
 -0.218690411
 -0.217930534
 -0.217170362
 -0.216409903
 -0.215649162
 -0.214888144
 -0.214126856
 -0.213365303
 -0.212603491
 -0.211841426
 -0.211079115
 -0.210316562
 -0.209553774
 -0.208790758
 -0.208027518
 -0.207264062
 -0.206500394
 -0.205736522
 -0.204972452
 -0.20420819
 -0.203443741
 -0.202679113
 -0.201914312
 -0.201149343
 -0.200384214
 -0.199618931
 -0.198853499
 -0.198087927
 -0.197322219
 -0.196556383
 -0.195790425
 -0.195024352
 -0.194258171
 -0.193491887
 -0.192725509
 -0.191959042
 -0.191192493
 -0.190425869
 -0.189659178
 -0.188892425
 -0.188125618
 -0.187358763
 -0.186591869
 -0.185824941
 -0.185057987
 -0.184291014
 -0.183524028
 -0.182757038
 -0.181990051
 -0.181223073
 -0.180456112
 -0.179689175
 -0.17892227
 -0.178155404
 -0.177388585
 -0.176621819
 -0.175855115
 -0.175088481
 -0.174321922
 -0.173555449
 -0.172789067
 -0.172022785
 -0.17125661
 -0.170490551
 -0.169724616
 -0.168958811
 -0.168193145
 -0.167427627
 -0.166662263
 -0.165897063
 -0.165132034
 -0.164367185
 -0.163602523
 -0.162838058
 -0.162073796
 -0.161309747
 -0.16054592
 -0.159782321
 -0.159018961
 -0.158255847
 -0.157492988
 -0.156730393
 -0.155968071
 -0.155206029
 -0.154444278
 -0.153682825
 -0.15292168
 -0.152160851
 -0.151400348
 -0.15064018
 -0.149880355
 -0.149120883
 -0.148361773
 -0.147603034
 -0.146844676
 -0.146086708
 -0.145329139
 -0.144571978
 -0.143815236
 -0.143058922
 -0.142303045
 -0.141547615
 -0.140792642
 -0.140038135
 -0.139284105
 -0.138530561
 -0.137777513
 -0.137024972
 -0.136272947
 -0.135521448
 -0.134770486
 -0.13402007
 -0.133270212
 -0.132520922
 -0.131772209
 -0.131024084
 -0.130276559
 -0.129529643
 -0.128783347
 -0.128037682
 -0.127292659
 -0.126548288
 -0.125804581
 -0.125061548
 -0.1243192
 -0.123577549
 -0.122836606
 -0.122096382
 -0.121356887
 -0.120618134
 -0.119880134
 -0.119142899
 -0.11840644
 -0.117670768
 -0.116935895
 -0.116201833
 -0.115468595
 -0.114736191
 -0.114004633
 -0.113273935
 -0.112544107
 -0.111815162
 -0.111087112
 -0.11035997
 -0.109633747
 -0.108908457
 -0.108184112
 -0.107460724
 -0.106738306
 -0.10601687
 -0.105296431
 -0.104576999
 -0.10385859
 -0.103141214
 -0.102424886
 -0.101709619
 -0.100995425
 -0.100282319
 -0.0995703129
 -0.0988594211
 -0.0981496569
 -0.0974410339
 -0.0967335657
 -0.0960272662
 -0.0953221491
 -0.0946182284
 -0.0939155181
 -0.0932140322
 -0.0925137849
 -0.0918147904
 -0.0911170631
 -0.0904206172
 -0.0897254672
 -0.0890316278
 -0.0883391134
 -0.0876479389
 -0.0869581188
 -0.0862696682
 -0.0855826019
 -0.084896935
 -0.0842126825
 -0.0835298596
 -0.0828484815
 -0.0821685635
 -0.0814901212
 -0.0808131699
 -0.0801377252
 -0.0794638027
 -0.0787914182
 -0.0781205876
 -0.0774513265
 -0.0767836511
 -0.0761175774
 -0.0754531215
 -0.0747902996
 -0.0741291279
 -0.0734696229
 -0.0728118009
 -0.0721556786
 -0.0715012725
 -0.0708485992
 -0.0701976756
 -0.0695485184
 -0.0689011447
 -0.0682555713
 -0.0676118154
 -0.0669698942
 -0.0663298247
 -0.0656916244
 -0.0650553106
 -0.0644209009
 -0.0637884126
 -0.0631578635
 -0.0625292713
 -0.0619026536
 -0.0612780284
 -0.0606554136
 -0.060034827
 -0.0594162869
 -0.0587998114
 -0.0581854186
 -0.0575731268
 -0.0569629544
 -0.0563549199
 -0.0557490416
 -0.0551453382
 -0.0545438284
 -0.0539445307
 -0.053347464
 -0.0527526471
 -0.0521600989
 -0.0515698385
 -0.0509818847
 -0.0503962567
 -0.0498129737
 -0.0492320549
 -0.0486535195
 -0.0480773869
 -0.0475036766
 -0.0469324078
 -0.0463636003
 -0.0457972735
 -0.045233447
 -0.0446721406
 -0.0441133739
 -0.0435571668
 -0.043003539
 -0.0424525105
 -0.0419041011
 -0.0413583308
 -0.0408152197
 -0.0402747877
 -0.0397370551
 -0.0392020418
 -0.0386697681
 -0.0381402542
 -0.0376135203
 -0.0370895868
 -0.0365684738
 -0.0360502017
 -0.035534791
 -0.0350222619
 -0.034512635
 -0.0340059305
 -0.0335021691
 -0.0330013711
 -0.032503557
 -0.0320087474
 -0.0315169627
 -0.0310282235
 -0.0305425503
 -0.0300599636
 -0.029580484
 -0.029104132
 -0.0286309281
 -0.0281608929
 -0.0276940469
 -0.0272304107
 -0.0267700046
 -0.0263128493
 -0.0258589652
 -0.0254083727
 -0.0249610922
 -0.0245171443
 -0.0240765493
 -0.0236393274
 -0.0232054991
 -0.0227750847
 -0.0223481043
 -0.0219245782
 -0.0215045265
 -0.0210879694
 -0.0206749269
 -0.0202654191
 -0.0198594658
 -0.019457087
 -0.0190583025
 -0.0186631321
 -0.0182715955
 -0.0178837122
 -0.017499502
 -0.0171189841
 -0.0167421781
 -0.0163691032
 -0.0159997786
 -0.0156342236
 -0.015272457
 -0.0149144978
 -0.0145603649
 -0.0142100771
 -0.0138636528
 -0.0135211106
 -0.0131824689
 -0.012847746
 -0.01251696
 -0.012190129
 -0.0118672708
 -0.0115484031
 -0.0112335437
 -0.0109227099
 -0.0106159192
 -0.0103131886
 -0.0100145353
 -0.00971997614
 -0.00942952781
 -0.00914320688
 -0.00886102975
 -0.00858301264
 -0.00830917162
 -0.00803952255
 -0.00777408113
 -0.00751286288
 -0.00725588313
 -0.007003157
 -0.00675469945
 -0.00651052522
 -0.00627064885
 -0.00603508468
 -0.00580384686
 -0.00557694929
 -0.0053544057
 -0.00513622956
 -0.00492243415
 -0.00471303252
 -0.00450803748
 -0.00430746163
 -0.00411131731
 -0.00391961664
 -0.00373237151
 -0.00354959354
 -0.00337129413
 -0.00319748443
 -0.00302817531
 -0.00286337741
 -0.00270310112
 -0.00254735655
 -0.00239615356
 -0.00224950174
 -0.00210741041
 -0.00196988863
 -0.00183694517
 -0.00170858856
 -0.001584827
 -0.00146566846
 -0.00135112061
 -0.00124119082
 -0.0011358862
 -0.00103521357
 -0.000939179434
 -0.000847790037
 -0.000761051315
 -0.000678968912
 -0.000601548177
 -0.00052879416
 -0.000460711613
 -0.000397304988
 -0.000338578435
 -0.000284535801
 -0.00023518063
 -0.00019051616
 -0.000150545324
 -0.00011527075
 -8.46947557E-05
 -5.88193535E-05
 -3.76462459E-05
 -2.11768271E-05
 -9.41218152E-06
 -2.35308414E-06
  0.5
  0.500002353
  0.500009412
  0.500021177
  0.500037646
  0.500058819
  0.500084695
  0.500115271
  0.500150545
  0.500190516
  0.500235181
  0.500284536
  0.500338578
  0.500397305
  0.500460712
  0.500528794
  0.500601548
  0.500678969
  0.500761051
  0.50084779
  0.500939179
  0.501035214
  0.501135886
  0.501241191
  0.501351121
  0.501465668
  0.501584827
  0.501708589
  0.501836945
  0.501969889
  0.50210741
  0.502249502
  0.502396154
  0.502547357
  0.502703101
  0.502863377
  0.503028175
  0.503197484
  0.503371294
  0.503549594
  0.503732372
  0.503919617
  0.504111317
  0.504307462
  0.504508037
  0.504713033
  0.504922434
  0.50513623
  0.505354406
  0.505576949
  0.505803847
  0.506035085
  0.506270649
  0.506510525
  0.506754699
  0.507003157
  0.507255883
  0.507512863
  0.507774081
  0.508039523
  0.508309172
  0.508583013
  0.50886103
  0.509143207
  0.509429528
  0.509719976
  0.510014535
  0.510313189
  0.510615919
  0.51092271
  0.511233544
  0.511548403
  0.511867271
  0.512190129
  0.51251696
  0.512847746
  0.513182469
  0.513521111
  0.513863653
  0.514210077
  0.514560365
  0.514914498
  0.515272457
  0.515634224
  0.515999779
  0.516369103
  0.516742178
  0.517118984
  0.517499502
  0.517883712
  0.518271595
  0.518663132
  0.519058303
  0.519457087
  0.519859466
  0.520265419
  0.520674927
  0.521087969
  0.521504527
  0.521924578
  0.522348104
  0.522775085
  0.523205499
  0.523639327
  0.524076549
  0.524517144
  0.524961092
  0.525408373
  0.525858965
  0.526312849
  0.526770005
  0.527230411
  0.527694047
  0.528160893
  0.528630928
  0.529104132
  0.529580484
  0.530059964
  0.53054255
  0.531028223
  0.531516963
  0.532008747
  0.532503557
  0.533001371
  0.533502169
  0.534005931
  0.534512635
  0.535022262
  0.535534791
  0.536050202
  0.536568474
  0.537089587
  0.53761352
  0.538140254
  0.538669768
  0.539202042
  0.539737055
  0.540274788
  0.54081522
  0.541358331
  0.541904101
  0.54245251
  0.543003539
  0.543557167
  0.544113374
  0.544672141
  0.545233447
  0.545797273
  0.5463636
  0.546932408
  0.547503677
  0.548077387
  0.548653519
  0.549232055
  0.549812974
  0.550396257
  0.550981885
  0.551569838
  0.552160099
  0.552752647
  0.553347464
  0.553944531
  0.554543828
  0.555145338
  0.555749042
  0.55635492
  0.556962954
  0.557573127
  0.558185419
  0.558799811
  0.559416287
  0.560034827
  0.560655414
  0.561278028
  0.561902654
  0.562529271
  0.563157864
  0.563788413
  0.564420901
  0.565055311
  0.565691624
  0.566329825
  0.566969894
  0.567611815
  0.568255571
  0.568901145
  0.569548518
  0.570197676
  0.570848599
  0.571501272
  0.572155679
  0.572811801
  0.573469623
  0.574129128
  0.5747903
  0.575453121
  0.576117577
  0.576783651
  0.577451327
  0.578120588
  0.578791418
  0.579463803
  0.580137725
  0.58081317
  0.581490121
  0.582168564
  0.582848481
  0.58352986
  0.584212682
  0.584896935
  0.585582602
  0.586269668
  0.586958119
  0.587647939
  0.588339113
  0.589031628
  0.589725467
  0.590420617
  0.591117063
  0.59181479
  0.592513785
  0.593214032
  0.593915518
  0.594618228
  0.595322149
  0.596027266
  0.596733566
  0.597441034
  0.598149657
  0.598859421
  0.599570313
  0.600282319
  0.600995425
  0.601709619
  0.602424886
  0.603141214
  0.60385859
  0.604576999
  0.605296431
  0.60601687
  0.606738306
  0.607460724
  0.608184112
  0.608908457
  0.609633747
  0.61035997
  0.611087112
  0.611815162
  0.612544107
  0.613273935
  0.614004633
  0.614736191
  0.615468595
  0.616201833
  0.616935895
  0.617670768
  0.61840644
  0.619142899
  0.619880134
  0.620618134
  0.621356887
  0.622096382
  0.622836606
  0.623577549
  0.6243192
  0.625061548
  0.625804581
  0.626548288
  0.627292659
  0.628037682
  0.628783347
  0.629529643
  0.630276559
  0.631024084
  0.631772209
  0.632520922
  0.633270212
  0.63402007
  0.634770486
  0.635521448
  0.636272947
  0.637024972
  0.637777513
  0.638530561
  0.639284105
  0.640038135
  0.640792642
  0.641547615
  0.642303045
  0.643058922
  0.643815236
  0.644571978
  0.645329139
  0.646086708
  0.646844676
  0.647603034
  0.648361773
  0.649120883
  0.649880355
  0.65064018
  0.651400348
  0.652160851
  0.65292168
  0.653682825
  0.654444278
  0.655206029
  0.655968071
  0.656730393
  0.657492988
  0.658255847
  0.659018961
  0.659782321
  0.66054592
  0.661309747
  0.662073796
  0.662838058
  0.663602523
  0.664367185
  0.665132034
  0.665897063
  0.666662263
  0.667427627
  0.668193145
  0.668958811
  0.669724616
  0.670490551
  0.67125661
  0.672022785
  0.672789067
  0.673555449
  0.674321922
  0.675088481
  0.675855115
  0.676621819
  0.677388585
  0.678155404
  0.67892227
  0.679689175
  0.680456112
  0.681223073
  0.681990051
  0.682757038
  0.683524028
  0.684291014
  0.685057987
  0.685824941
  0.686591869
  0.687358763
  0.688125618
  0.688892425
  0.689659178
  0.690425869
  0.691192493
  0.691959042
  0.692725509
  0.693491887
  0.694258171
  0.695024352
  0.695790425
  0.696556383
  0.697322219
  0.698087927
  0.698853499
  0.699618931
  0.700384214
  0.701149343
  0.701914312
  0.702679113
  0.703443741
  0.70420819
  0.704972452
  0.705736522
  0.706500394
  0.707264062
  0.708027518
  0.708790758
  0.709553774
  0.710316562
  0.711079115
  0.711841426
  0.712603491
  0.713365303
  0.714126856
  0.714888144
  0.715649162
  0.716409903
  0.717170362
  0.717930534
  0.718690411
  0.719449989
  0.720209263
  0.720968225
  0.721726871
  0.722485195
  0.723243192
  0.724000855
  0.72475818
  0.725515161
  0.726271793
  0.727028069
  0.727783985
  0.728539536
  0.729294715
  0.730049517
  0.730803938
  0.731557972
  0.732311613
  0.733064857
  0.733817698
  0.734570131
  0.735322151
  0.736073752
  0.73682493
  0.73757568
  0.738325996
  0.739075873
  0.739825306
  0.740574291
  0.741322822
  0.742070895
  0.742818504
  0.743565644
  0.744312311
  0.7450585
  0.745804206
  0.746549424
  0.747294149
  0.748038376
  0.748782102
  0.74952532
  0.750268027
  0.751010217
  0.751751886
  0.752493029
  0.753233642
  0.75397372
  0.754713258
  0.755452252
  0.756190697
  0.756928589
  0.757665924
  0.758402695
  0.759138901
  0.759874534
  0.760609592
  0.761344071
  0.762077964
  0.762811269
  0.76354398
  0.764276094
  0.765007606
  0.765738511
  0.766468806
  0.767198487
  0.767927548
  0.768655986
  0.769383796
  0.770110975
  0.770837518
  0.77156342
  0.772288679
  0.773013289
  0.773737247
  0.774460548
  0.775183188
  0.775905164
  0.776626471
  0.777347105
  0.778067063
  0.778786339
  0.779504931
  0.780222834
  0.780940045
  0.781656559
  0.782372372
  0.783087481
  0.783801881
  0.784515569
  0.785228541
  0.785940794
  0.786652322
  0.787363123
  0.788073193
  0.788782527
  0.789491123
  0.790198976
  0.790906083
  0.79161244
  0.792318042
  0.793022888
  0.793726972
  0.794430291
  0.795132842
  0.795834621
  0.796535625
  0.797235848
  0.797935289
  0.798633944
  0.799331808
  0.800028879
  0.800725153
  0.801420626
  0.802115295
  0.802809157
  0.803502207
  0.804194442
  0.80488586
  0.805576456
  0.806266227
  0.80695517
  0.807643281
  0.808330557
  0.809016994
  0.80970259
  0.81038734
  0.811071242
  0.811754292
  0.812436487
  0.813117823
  0.813798297
  0.814477907
  0.815156648
  0.815834517
  0.816511512
  0.817187628
  0.817862864
  0.818537214
  0.819210678
  0.81988325
  0.820554928
  0.821225709
  0.82189559
  0.822564568
  0.823232638
  0.8238998
  0.824566048
  0.82523138
  0.825895794
  0.826559285
  0.827221852
  0.82788349
  0.828544197
  0.82920397
  0.829862806
  0.830520702
  0.831177654
  0.83183366
  0.832488718
  0.833142823
  0.833795973
  0.834448165
  0.835099396
  0.835749664
  0.836398965
  0.837047296
  0.837694655
  0.838341038
  0.838986443
  0.839630867
  0.840274308
  0.840916761
  0.841558225
  0.842198697
  0.842838173
  0.843476651
  0.844114129
  0.844750603
  0.845386071
  0.84602053
  0.846653977
  0.84728641
  0.847917825
  0.84854822
  0.849177593
  0.84980594
  0.85043326
  0.851059548
  0.851684803
  0.852309023
  0.852932203
  0.853554342
  0.854175437
  0.854795486
  0.855414486
  0.856032433
  0.856649326
  0.857265163
  0.857879939
  0.858493654
  0.859106304
  0.859717887
  0.8603284
  0.860937841
  0.861546206
  0.862153495
  0.862759704
  0.86336483
  0.863968872
  0.864571826
  0.865173691
  0.865774463
  0.866374141
  0.866972721
  0.867570202
  0.868166581
  0.868761856
  0.869356024
  0.869949082
  0.87054103
  0.871131863
  0.871721579
  0.872310177
  0.872897654
  0.873484007
  0.874069235
  0.874653334
  0.875236303
  0.87581814
  0.876398841
  0.876978404
  0.877556829
  0.878134111
  0.878710248
  0.87928524
  0.879859082
  0.880431774
  0.881003312
  0.881573694
  0.882142919
  0.882710984
  0.883277886
  0.883843624
  0.884408196
  0.884971599
  0.88553383
  0.886094889
  0.886654772
  0.887213477
  0.887771003
  0.888327347
  0.888882507
  0.889436481
  0.889989267
  0.890540862
  0.891091265
  0.891640473
  0.892188485
  0.892735298
  0.893280909
  0.893825318
  0.894368522
  0.894910519
  0.895451307
  0.895990884
  0.896529247
  0.897066396
  0.897602327
  0.898137038
  0.898670529
  0.899202796
  0.899733838
  0.900263652
  0.900792237
  0.901319591
  0.901845712
  0.902370598
  0.902894246
  0.903416656
  0.903937824
  0.90445775
  0.90497643
  0.905493864
  0.906010049
  0.906524983
  0.907038665
  0.907551093
  0.908062264
  0.908572177
  0.90908083
  0.909588221
  0.910094348
  0.910599209
  0.911102803
  0.911605128
  0.912106182
  0.912605962
  0.913104468
  0.913601697
  0.914097648
  0.914592318
  0.915085707
  0.915577812
  0.916068631
  0.916558162
  0.917046405
  0.917533356
  0.918019015
  0.91850338
  0.918986448
  0.919468219
  0.91994869
  0.920427859
  0.920905726
  0.921382288
  0.921857543
  0.92233149
  0.922804128
  0.923275453
  0.923745466
  0.924214163
  0.924681544
  0.925147607
  0.92561235
  0.926075772
  0.92653787
  0.926998643
  0.92745809
  0.927916209
  0.928372999
  0.928828457
  0.929282582
  0.929735373
  0.930186827
  0.930636944
  0.931085722
  0.931533159
  0.931979253
  0.932424004
  0.932867409
  0.933309466
  0.933750176
  0.934189535
  0.934627543
  0.935064197
  0.935499497
  0.93593344
  0.936366026
  0.936797252
  0.937227118
  0.937655621
  0.938082761
  0.938508535
  0.938932943
  0.939355983
  0.939777653
  0.940197952
  0.940616879
  0.941034431
  0.941450609
  0.941865409
  0.942278832
  0.942690874
  0.943101536
  0.943510815
  0.94391871
  0.94432522
  0.944730343
  0.945134078
  0.945536424
  0.945937379
  0.946336942
  0.946735111
  0.947131885
  0.947527263
  0.947921244
  0.948313825
  0.948705007
  0.949094786
  0.949483163
  0.949870136
  0.950255703
  0.950639863
  0.951022615
  0.951403957
  0.951783889
  0.952162409
  0.952539515
  0.952915207
  0.953289484
  0.953662343
  0.954033783
  0.954403804
  0.954772405
  0.955139583
  0.955505338
  0.955869668
  0.956232572
  0.95659405
  0.956954099
  0.957312719
  0.957669909
  0.958025666
  0.958379991
  0.958732881
  0.959084337
  0.959434355
  0.959782936
  0.960130078
  0.96047578
  0.960820041
  0.96116286
  0.961504235
  0.961844166
  0.962182651
  0.962519689
  0.962855279
  0.96318942
  0.963522111
  0.963853351
  0.964183139
  0.964511472
  0.964838352
  0.965163776
  0.965487743
  0.965810252
  0.966131303
  0.966450894
  0.966769023
  0.967085691
  0.967400896
  0.967714637
  0.968026912
  0.968337722
  0.968647064
  0.968954938
  0.969261343
  0.969566278
  0.969869742
  0.970171733
  0.970472252
  0.970771296
  0.971068865
  0.971364958
  0.971659574
  0.971952712
  0.972244371
  0.97253455
  0.972823248
  0.973110465
  0.973396198
  0.973680448
  0.973963214
  0.974244493
  0.974524287
  0.974802593
  0.97507941
  0.975354739
  0.975628577
  0.975900925
  0.97617178
  0.976441143
  0.976709013
  0.976975387
  0.977240267
  0.97750365
  0.977765537
  0.978025925
  0.978284815
  0.978542205
  0.978798095
  0.979052483
  0.97930537
  0.979556754
  0.979806633
  0.980055009
  0.980301879
  0.980547243
  0.9807911
  0.98103345
  0.981274291
  0.981513623
  0.981751445
  0.981987756
  0.982222556
  0.982455843
  0.982687618
  0.982917878
  0.983146624
  0.983373855
  0.98359957
  0.983823769
  0.984046449
  0.984267612
  0.984487256
  0.98470538
  0.984921984
  0.985137067
  0.985350629
  0.985562668
  0.985773184
  0.985982177
  0.986189645
  0.986395589
  0.986600006
  0.986802898
  0.987004262
  0.987204099
  0.987402407
  0.987599187
  0.987794437
  0.987988157
  0.988180347
  0.988371004
  0.988560131
  0.988747724
  0.988933784
  0.989118311
  0.989301303
  0.98948276
  0.989662682
  0.989841068
  0.990017917
  0.990193229
  0.990367003
  0.990539239
  0.990709936
  0.990879094
  0.991046711
  0.991212788
  0.991377325
  0.991540319
  0.991701772
  0.991861682
  0.992020049
  0.992176873
  0.992332152
  0.992485887
  0.992638077
  0.992788721
  0.992937819
  0.993085371
  0.993231376
  0.993375834
  0.993518743
  0.993660105
  0.993799917
  0.993938181
  0.994074894
  0.994210058
  0.994343671
  0.994475733
  0.994606244
  0.994735204
  0.994862611
  0.994988465
  0.995112767
  0.995235515
  0.995356709
  0.99547635
  0.995594436
  0.995710967
  0.995825942
  0.995939362
  0.996051227
  0.996161535
  0.996270286
  0.99637748
  0.996483117
  0.996587196
  0.996689717
  0.99679068
  0.996890085
  0.99698793
  0.997084216
  0.997178942
  0.997272109
  0.997363715
  0.997453761
  0.997542247
  0.997629171
  0.997714534
  0.997798335
  0.997880575
  0.997961253
  0.998040368
  0.998117921
  0.99819391
  0.998268337
  0.998341201
  0.998412501
  0.998482237
  0.998550409
  0.998617017
  0.998682061
  0.99874554
  0.998807454
  0.998867804
  0.998926588
  0.998983807
  0.99903946
  0.999093547
  0.999146069
  0.999197025
  0.999246414
  0.999294237
  0.999340494
  0.999385183
  0.999428306
  0.999469863
  0.999509852
  0.999548273
  0.999585128
  0.999620415
  0.999654135
  0.999686287
  0.999716871
  0.999745887
  0.999773335
  0.999799216
  0.999823528
  0.999846272
  0.999867448
  0.999887056
  0.999905095
  0.999921565
  0.999936468
  0.999949801
  0.999961567
  0.999971763
  0.999980391
  0.99998745
  0.999992941
  0.999996863
  0.999999216
  1.
