 -1.99919686
 -1.9967881
 -1.99277564
 -1.98716272
 -1.97995386
 -1.97115488
 -1.96077292
 -1.94881639
 -1.93529507
 -1.92022004
 -1.9036037
 -1.88545983
 -1.86580357
 -1.84465144
 -1.82202135
 -1.79793265
 -1.77240614
 -1.7454641
 -1.71713033
 -1.68743017
 -1.65639059
 -1.6240402
 -1.59040931
 -1.55553003
 -1.51943633
 -1.48216412
 -1.44375136
 -1.40423819
 -1.36366704
 -1.32208281
 -1.279533
 -1.23606798
 -1.19174116
 -1.14660929
 -1.10073275
 -1.05417592
 -1.00700754
 -0.959301225
 -0.911135941
 -0.862596647
 -0.813774966
 -0.764769972
 -0.715689081
 -0.666649054
 -0.617777111
 -0.569212179
 -0.521106236
 -0.473625758
 -0.426953222
 -0.381288596
 -0.33685073
 -0.293878492
 -0.252631454
 -0.213389856
 -0.176453496
 -0.142139164
 -0.110776188
 -0.0826997077
 -0.0582414598
 -0.0377181112
 -0.0214176228
 -0.00958461424
 -0.00240619271
  2.
  2.00240619
  2.00958461
  2.02141762
  2.03771811
  2.05824146
  2.08269971
  2.11077619
  2.14213916
  2.1764535
  2.21338986
  2.25263145
  2.29387849
  2.33685073
  2.3812886
  2.42695322
  2.47362576
  2.52110624
  2.56921218
  2.61777711
  2.66664905
  2.71568908
  2.76476997
  2.81377497
  2.86259665
  2.91113594
  2.95930123
  3.00700754
  3.05417592
  3.10073275
  3.14660929
  3.19174116
  3.23606798
  3.279533
  3.32208281
  3.36366704
  3.40423819
  3.44375136
  3.48216412
  3.51943633
  3.55553003
  3.59040931
  3.6240402
  3.65639059
  3.68743017
  3.71713033
  3.7454641
  3.77240614
  3.79793265
  3.82202135
  3.84465144
  3.86580357
  3.88545983
  3.9036037
  3.92022004
  3.93529507
  3.94881639
  3.96077292
  3.97115488
  3.97995386
  3.98716272
  3.99277564
  3.9967881
  3.99919686
  4.
