 -1.9967881
 -1.98716272
 -1.97115488
 -1.94881639
 -1.92022004
 -1.88545983
 -1.84465144
 -1.79793265
 -1.7454641
 -1.68743017
 -1.6240402
 -1.55553003
 -1.48216412
 -1.40423819
 -1.32208281
 -1.23606798
 -1.14660929
 -1.05417592
 -0.959301225
 -0.862596647
 -0.764769972
 -0.666649054
 -0.569212179
 -0.473625758
 -0.381288596
 -0.293878492
 -0.213389856
 -0.142139164
 -0.0826997077
 -0.0377181112
 -0.00958461424
  2.
  2.00958461
  2.03771811
  2.08269971
  2.14213916
  2.21338986
  2.29387849
  2.3812886
  2.47362576
  2.56921218
  2.66664905
  2.76476997
  2.86259665
  2.95930123
  3.05417592
  3.14660929
  3.23606798
  3.32208281
  3.40423819
  3.48216412
  3.55553003
  3.6240402
  3.68743017
  3.7454641
  3.79793265
  3.84465144
  3.88545983
  3.92022004
  3.94881639
  3.97115488
  3.98716272
  3.9967881
  4.
