1	3	0	1	3	0	2	2	0	4	6	0	4	6	0	5	5	0
1	3	0	1	3	0	2	2	1	4	6	0	4	6	0	5	5	1
1	3	0	1	3	1	2	2	0	4	6	0	6	4	1	5	5	0
1	3	0	1	3	1	2	2	1	4	6	0	6	4	1	5	5	1
1	3	1	1	3	0	2	2	0	6	4	1	4	6	0	5	5	0
1	3	1	1	3	0	2	2	1	6	4	1	4	6	0	5	5	1
1	3	1	1	3	1	2	2	0	6	4	1	6	4	1	5	5	0
1	3	1	1	3	1	2	2	1	6	4	1	6	4	1	5	5	1
1	3	0	3	1	0	2	2	0	4	6	0	6	4	0	5	5	0
1	3	0	3	1	0	2	2	1	4	6	0	6	4	0	5	5	1
1	3	0	3	1	1	2	2	0	4	6	0	4	6	1	5	5	0
1	3	0	3	1	1	2	2	1	4	6	0	4	6	1	5	5	1
1	3	1	3	1	0	2	2	0	6	4	1	6	4	0	5	5	0
1	3	1	3	1	0	2	2	1	6	4	1	6	4	0	5	5	1
1	3	1	3	1	1	2	2	0	6	4	1	4	6	1	5	5	0
1	3	1	3	1	1	2	2	1	6	4	1	4	6	1	5	5	1
3	1	0	1	3	0	2	2	0	6	4	0	4	6	0	5	5	0
3	1	0	1	3	0	2	2	1	6	4	0	4	6	0	5	5	1
3	1	0	1	3	1	2	2	0	6	4	0	6	4	1	5	5	0
3	1	0	1	3	1	2	2	1	6	4	0	6	4	1	5	5	1
3	1	1	1	3	0	2	2	0	4	6	1	4	6	0	5	5	0
3	1	1	1	3	0	2	2	1	4	6	1	4	6	0	5	5	1
3	1	1	1	3	1	2	2	0	4	6	1	6	4	1	5	5	0
3	1	1	1	3	1	2	2	1	4	6	1	6	4	1	5	5	1
3	1	0	3	1	0	2	2	0	6	4	0	6	4	0	5	5	0
3	1	0	3	1	0	2	2	1	6	4	0	6	4	0	5	5	1
3	1	0	3	1	1	2	2	0	6	4	0	4	6	1	5	5	0
3	1	0	3	1	1	2	2	1	6	4	0	4	6	1	5	5	1
3	1	1	3	1	0	2	2	0	4	6	1	6	4	0	5	5	0
3	1	1	3	1	0	2	2	1	4	6	1	6	4	0	5	5	1
3	1	1	3	1	1	2	2	0	4	6	1	4	6	1	5	5	0
3	1	1	3	1	1	2	2	1	4	6	1	4	6	1	5	5	1
