 -1.99979921
 -1.99919686
 -1.99819309
 -1.9967881
 -1.99498216
 -1.99277564
 -1.99016899
 -1.98716272
 -1.98375745
 -1.97995386
 -1.97575272
 -1.97115488
 -1.96616128
 -1.96077292
 -1.9549909
 -1.94881639
 -1.94225067
 -1.93529507
 -1.92795102
 -1.92022004
 -1.9121037
 -1.9036037
 -1.89472179
 -1.88545983
 -1.87581975
 -1.86580357
 -1.8554134
 -1.84465144
 -1.83351996
 -1.82202135
 -1.81015806
 -1.79793265
 -1.78534777
 -1.77240614
 -1.75911061
 -1.7454641
 -1.73146963
 -1.71713033
 -1.7024494
 -1.68743017
 -1.67207606
 -1.65639059
 -1.64037739
 -1.6240402
 -1.60738285
 -1.59040931
 -1.57312364
 -1.55553003
 -1.53763278
 -1.51943633
 -1.50094521
 -1.48216412
 -1.46309785
 -1.44375136
 -1.42412973
 -1.40423819
 -1.38408212
 -1.36366704
 -1.34299866
 -1.32208281
 -1.30092552
 -1.279533
 -1.25791163
 -1.23606798
 -1.21400883
 -1.19174116
 -1.16927217
 -1.14660929
 -1.12376018
 -1.10073275
 -1.07753519
 -1.05417592
 -1.03066369
 -1.00700754
 -0.983216824
 -0.959301225
 -0.935270792
 -0.911135941
 -0.886907484
 -0.862596647
 -0.838215097
 -0.813774966
 -0.789288876
 -0.764769972
 -0.740231947
 -0.715689081
 -0.691156267
 -0.666649054
 -0.642183679
 -0.617777111
 -0.593447093
 -0.569212179
 -0.545091786
 -0.521106236
 -0.497276802
 -0.473625758
 -0.450176427
 -0.426953222
 -0.4039817
 -0.381288596
 -0.358901869
 -0.33685073
 -0.315165673
 -0.293878492
 -0.273022285
 -0.252631454
 -0.232741674
 -0.213389856
 -0.194614078
 -0.176453496
 -0.15894822
 -0.142139164
 -0.126067851
 -0.110776188
 -0.096306197
 -0.0826997077
 -0.0699980079
 -0.0582414598
 -0.047469083
 -0.0377181112
 -0.0290235325
 -0.0214176228
 -0.014929486
 -0.00958461424
 -0.00540448243
 -0.00240619271
 -0.000602181296
  2.
  2.00060218
  2.00240619
  2.00540448
  2.00958461
  2.01492949
  2.02141762
  2.02902353
  2.03771811
  2.04746908
  2.05824146
  2.06999801
  2.08269971
  2.0963062
  2.11077619
  2.12606785
  2.14213916
  2.15894822
  2.1764535
  2.19461408
  2.21338986
  2.23274167
  2.25263145
  2.27302229
  2.29387849
  2.31516567
  2.33685073
  2.35890187
  2.3812886
  2.4039817
  2.42695322
  2.45017643
  2.47362576
  2.4972768
  2.52110624
  2.54509179
  2.56921218
  2.59344709
  2.61777711
  2.64218368
  2.66664905
  2.69115627
  2.71568908
  2.74023195
  2.76476997
  2.78928888
  2.81377497
  2.8382151
  2.86259665
  2.88690748
  2.91113594
  2.93527079
  2.95930123
  2.98321682
  3.00700754
  3.03066369
  3.05417592
  3.07753519
  3.10073275
  3.12376018
  3.14660929
  3.16927217
  3.19174116
  3.21400883
  3.23606798
  3.25791163
  3.279533
  3.30092552
  3.32208281
  3.34299866
  3.36366704
  3.38408212
  3.40423819
  3.42412973
  3.44375136
  3.46309785
  3.48216412
  3.50094521
  3.51943633
  3.53763278
  3.55553003
  3.57312364
  3.59040931
  3.60738285
  3.6240402
  3.64037739
  3.65639059
  3.67207606
  3.68743017
  3.7024494
  3.71713033
  3.73146963
  3.7454641
  3.75911061
  3.77240614
  3.78534777
  3.79793265
  3.81015806
  3.82202135
  3.83351996
  3.84465144
  3.8554134
  3.86580357
  3.87581975
  3.88545983
  3.89472179
  3.9036037
  3.9121037
  3.92022004
  3.92795102
  3.93529507
  3.94225067
  3.94881639
  3.9549909
  3.96077292
  3.96616128
  3.97115488
  3.97575272
  3.97995386
  3.98375745
  3.98716272
  3.99016899
  3.99277564
  3.99498216
  3.9967881
  3.99819309
  3.99919686
  3.99979921
  4.
